8.080229226361032024e-01
8.194842406876791108e-01
8.338108882521489962e-01
7.965616045845271831e-01
8.194842406876791108e-01
7.851002865329512748e-01
8.022922636103151373e-01
7.936962750716332060e-01
7.965616045845271831e-01
7.908309455587392289e-01
7.879656160458452518e-01
8.194842406876791108e-01
7.621776504297994581e-01
7.936962750716332060e-01
7.851002865329512748e-01
8.194842406876791108e-01
8.080229226361032024e-01
7.793696275071633206e-01
8.280802292263610420e-01
8.166189111747851337e-01
8.481375358166188816e-01
7.621776504297994581e-01
7.736389684813753664e-01
7.593123209169054810e-01
8.051575931232091143e-01
7.936962750716332060e-01
8.051575931232091143e-01
8.223495702005730879e-01
8.108882521489971795e-01
7.765042979942693435e-01
8.194842406876791108e-01
8.137535816618911566e-01
7.822349570200572977e-01
8.080229226361032024e-01
8.280802292263610420e-01
8.481375358166188816e-01
8.194842406876791108e-01
8.166189111747851337e-01
7.736389684813753664e-01
7.908309455587392289e-01
8.051575931232091143e-01
8.166189111747851337e-01
8.080229226361032024e-01
7.908309455587392289e-01
7.965616045845271831e-01
7.936962750716332060e-01
8.280802292263610420e-01
8.051575931232091143e-01
7.965616045845271831e-01
8.080229226361032024e-01
7.936962750716332060e-01
8.051575931232091143e-01
8.309455587392550191e-01
7.965616045845271831e-01
7.936962750716332060e-01
7.793696275071633206e-01
7.851002865329512748e-01
7.822349570200572977e-01
8.252148997134670649e-01
7.822349570200572977e-01
8.022922636103151373e-01
8.080229226361032024e-01
7.936962750716332060e-01
8.223495702005730879e-01
7.994269340974211602e-01
7.650429799426934352e-01
8.051575931232091143e-01
7.936962750716332060e-01
7.965616045845271831e-01
7.994269340974211602e-01
8.252148997134670649e-01
8.166189111747851337e-01
7.650429799426934352e-01
8.194842406876791108e-01
8.022922636103151373e-01
7.879656160458452518e-01
8.022922636103151373e-01
8.108882521489971795e-01
7.822349570200572977e-01
7.650429799426934352e-01
7.765042979942693435e-01
8.252148997134670649e-01
7.879656160458452518e-01
7.535816618911175269e-01
8.051575931232091143e-01
7.535816618911175269e-01
8.481375358166188816e-01
7.908309455587392289e-01
7.851002865329512748e-01
7.994269340974211602e-01
8.108882521489971795e-01
7.879656160458452518e-01
8.194842406876791108e-01
7.994269340974211602e-01
7.793696275071633206e-01
8.166189111747851337e-01
7.994269340974211602e-01
7.994269340974211602e-01
7.965616045845271831e-01
7.793696275071633206e-01
7.793696275071633206e-01
7.593123209169054810e-01
7.793696275071633206e-01
8.137535816618911566e-01
7.650429799426934352e-01
7.707736389684813894e-01
8.108882521489971795e-01
7.564469914040115039e-01
8.309455587392550191e-01
7.822349570200572977e-01
8.223495702005730879e-01
8.051575931232091143e-01
7.994269340974211602e-01
7.851002865329512748e-01
8.166189111747851337e-01
7.851002865329512748e-01
7.765042979942693435e-01
7.936962750716332060e-01
7.621776504297994581e-01
8.080229226361032024e-01
7.879656160458452518e-01
8.252148997134670649e-01
7.879656160458452518e-01
7.851002865329512748e-01
8.166189111747851337e-01
8.080229226361032024e-01
8.137535816618911566e-01
8.223495702005730879e-01
8.137535816618911566e-01
7.822349570200572977e-01
7.908309455587392289e-01
8.137535816618911566e-01
8.137535816618911566e-01
7.965616045845271831e-01
8.051575931232091143e-01
7.908309455587392289e-01
7.908309455587392289e-01
7.679083094555874123e-01
8.080229226361032024e-01
7.851002865329512748e-01
7.736389684813753664e-01
8.309455587392550191e-01
8.051575931232091143e-01
7.736389684813753664e-01
8.022922636103151373e-01
8.481375358166188816e-01
8.108882521489971795e-01
8.080229226361032024e-01
7.908309455587392289e-01
8.452722063037249045e-01
7.879656160458452518e-01
7.879656160458452518e-01
7.793696275071633206e-01
8.051575931232091143e-01
7.707736389684813894e-01
7.851002865329512748e-01
8.137535816618911566e-01
7.994269340974211602e-01
7.736389684813753664e-01
8.080229226361032024e-01
7.908309455587392289e-01
8.223495702005730879e-01
7.736389684813753664e-01
7.822349570200572977e-01
7.736389684813753664e-01
8.366762177650429733e-01
8.223495702005730879e-01
8.022922636103151373e-01
7.851002865329512748e-01
8.108882521489971795e-01
7.621776504297994581e-01
8.280802292263610420e-01
7.707736389684813894e-01
7.965616045845271831e-01
8.051575931232091143e-01
7.793696275071633206e-01
8.022922636103151373e-01
7.564469914040115039e-01
7.965616045845271831e-01
8.051575931232091143e-01
7.908309455587392289e-01
8.137535816618911566e-01
7.765042979942693435e-01
7.936962750716332060e-01
7.908309455587392289e-01
8.338108882521489962e-01
8.080229226361032024e-01
7.908309455587392289e-01
8.338108882521489962e-01
7.908309455587392289e-01
8.051575931232091143e-01
7.879656160458452518e-01
7.822349570200572977e-01
7.736389684813753664e-01
8.108882521489971795e-01
7.936962750716332060e-01
7.822349570200572977e-01
7.936962750716332060e-01
8.137535816618911566e-01
7.507163323782235498e-01
7.851002865329512748e-01
7.965616045845271831e-01
8.108882521489971795e-01
7.851002865329512748e-01
8.080229226361032024e-01
7.707736389684813894e-01
7.965616045845271831e-01
7.793696275071633206e-01
7.994269340974211602e-01
7.822349570200572977e-01
8.080229226361032024e-01
7.793696275071633206e-01
7.908309455587392289e-01
8.166189111747851337e-01
7.736389684813753664e-01
8.022922636103151373e-01
8.137535816618911566e-01
8.194842406876791108e-01
8.366762177650429733e-01
8.022922636103151373e-01
7.765042979942693435e-01
8.022922636103151373e-01
7.793696275071633206e-01
7.822349570200572977e-01
7.965616045845271831e-01
8.080229226361032024e-01
7.564469914040115039e-01
7.793696275071633206e-01
7.593123209169054810e-01
8.252148997134670649e-01
7.851002865329512748e-01
8.166189111747851337e-01
8.366762177650429733e-01
8.108882521489971795e-01
8.280802292263610420e-01
7.908309455587392289e-01
7.908309455587392289e-01
8.051575931232091143e-01
7.679083094555874123e-01
7.879656160458452518e-01
7.793696275071633206e-01
8.137535816618911566e-01
7.736389684813753664e-01
7.851002865329512748e-01
7.994269340974211602e-01
7.765042979942693435e-01
8.424068767908309274e-01
8.166189111747851337e-01
7.851002865329512748e-01
7.936962750716332060e-01
8.194842406876791108e-01
8.022922636103151373e-01
8.510028653295128587e-01
8.137535816618911566e-01
7.994269340974211602e-01
7.908309455587392289e-01
8.080229226361032024e-01
7.879656160458452518e-01
8.166189111747851337e-01
8.137535816618911566e-01
8.280802292263610420e-01
8.080229226361032024e-01
7.936962750716332060e-01
7.793696275071633206e-01
7.736389684813753664e-01
7.908309455587392289e-01
8.223495702005730879e-01
7.736389684813753664e-01
7.679083094555874123e-01
8.108882521489971795e-01
7.793696275071633206e-01
8.108882521489971795e-01
8.108882521489971795e-01
7.851002865329512748e-01
7.679083094555874123e-01
7.994269340974211602e-01
7.822349570200572977e-01
8.022922636103151373e-01
8.051575931232091143e-01
7.879656160458452518e-01
7.908309455587392289e-01
7.965616045845271831e-01
8.051575931232091143e-01
8.194842406876791108e-01
7.650429799426934352e-01
7.593123209169054810e-01
7.965616045845271831e-01
7.851002865329512748e-01
8.051575931232091143e-01
7.908309455587392289e-01
7.564469914040115039e-01
7.908309455587392289e-01
8.223495702005730879e-01
7.879656160458452518e-01
7.679083094555874123e-01
7.879656160458452518e-01
8.108882521489971795e-01
8.223495702005730879e-01
8.080229226361032024e-01
7.707736389684813894e-01
7.822349570200572977e-01
8.022922636103151373e-01
8.223495702005730879e-01
8.108882521489971795e-01
7.793696275071633206e-01
7.650429799426934352e-01
7.994269340974211602e-01
7.908309455587392289e-01
7.994269340974211602e-01
8.280802292263610420e-01
8.137535816618911566e-01
7.936962750716332060e-01
7.851002865329512748e-01
8.022922636103151373e-01
7.908309455587392289e-01
7.965616045845271831e-01
8.223495702005730879e-01
7.851002865329512748e-01
7.507163323782235498e-01
7.822349570200572977e-01
7.736389684813753664e-01
7.908309455587392289e-01
7.879656160458452518e-01
8.022922636103151373e-01
7.965616045845271831e-01
8.338108882521489962e-01
7.535816618911175269e-01
7.965616045845271831e-01
7.707736389684813894e-01
8.022922636103151373e-01
8.424068767908309274e-01
8.080229226361032024e-01
8.022922636103151373e-01
7.851002865329512748e-01
8.108882521489971795e-01
8.280802292263610420e-01
8.108882521489971795e-01
8.080229226361032024e-01
7.707736389684813894e-01
8.137535816618911566e-01
7.936962750716332060e-01
7.507163323782235498e-01
8.108882521489971795e-01
7.936962750716332060e-01
7.908309455587392289e-01
8.194842406876791108e-01
7.879656160458452518e-01
7.822349570200572977e-01
7.879656160458452518e-01
7.793696275071633206e-01
8.309455587392550191e-01
7.822349570200572977e-01
8.022922636103151373e-01
7.879656160458452518e-01
8.022922636103151373e-01
7.765042979942693435e-01
7.994269340974211602e-01
8.309455587392550191e-01
8.366762177650429733e-01
7.650429799426934352e-01
8.252148997134670649e-01
8.108882521489971795e-01
7.621776504297994581e-01
7.994269340974211602e-01
7.765042979942693435e-01
7.879656160458452518e-01
7.936962750716332060e-01
8.223495702005730879e-01
8.080229226361032024e-01
7.908309455587392289e-01
7.679083094555874123e-01
8.194842406876791108e-01
7.593123209169054810e-01
8.137535816618911566e-01
8.194842406876791108e-01
8.166189111747851337e-01
7.736389684813753664e-01
8.108882521489971795e-01
8.137535816618911566e-01
8.022922636103151373e-01
8.022922636103151373e-01
8.022922636103151373e-01
7.621776504297994581e-01
7.936962750716332060e-01
8.252148997134670649e-01
8.022922636103151373e-01
8.051575931232091143e-01
8.108882521489971795e-01
8.309455587392550191e-01
7.936962750716332060e-01
7.822349570200572977e-01
8.108882521489971795e-01
7.822349570200572977e-01
7.851002865329512748e-01
7.851002865329512748e-01
7.593123209169054810e-01
8.022922636103151373e-01
8.194842406876791108e-01
7.564469914040115039e-01
7.507163323782235498e-01
7.908309455587392289e-01
7.965616045845271831e-01
8.223495702005730879e-01
8.280802292263610420e-01
7.564469914040115039e-01
7.593123209169054810e-01
7.851002865329512748e-01
8.166189111747851337e-01
7.936962750716332060e-01
8.108882521489971795e-01
8.080229226361032024e-01
7.679083094555874123e-01
8.022922636103151373e-01
8.051575931232091143e-01
7.965616045845271831e-01
7.707736389684813894e-01
8.366762177650429733e-01
8.194842406876791108e-01
8.108882521489971795e-01
7.908309455587392289e-01
7.994269340974211602e-01
7.793696275071633206e-01
8.194842406876791108e-01
7.679083094555874123e-01
8.252148997134670649e-01
7.449856733524354846e-01
8.137535816618911566e-01
8.223495702005730879e-01
8.252148997134670649e-01
7.994269340974211602e-01
7.650429799426934352e-01
8.309455587392550191e-01
7.994269340974211602e-01
8.280802292263610420e-01
8.194842406876791108e-01
8.252148997134670649e-01
8.137535816618911566e-01
7.994269340974211602e-01
8.395415472779369503e-01
7.936962750716332060e-01
7.965616045845271831e-01
7.564469914040115039e-01
7.421203438395415075e-01
7.879656160458452518e-01
8.080229226361032024e-01
7.879656160458452518e-01
7.965616045845271831e-01
8.194842406876791108e-01
7.936962750716332060e-01
7.363896848137535533e-01
7.851002865329512748e-01
8.137535816618911566e-01
7.879656160458452518e-01
8.080229226361032024e-01
7.908309455587392289e-01
7.564469914040115039e-01
7.994269340974211602e-01
8.080229226361032024e-01
7.879656160458452518e-01
8.080229226361032024e-01
8.080229226361032024e-01
7.908309455587392289e-01
8.309455587392550191e-01
8.280802292263610420e-01
7.879656160458452518e-01
7.851002865329512748e-01
7.650429799426934352e-01
8.481375358166188816e-01
7.965616045845271831e-01
8.022922636103151373e-01
7.908309455587392289e-01
7.793696275071633206e-01
8.108882521489971795e-01
7.908309455587392289e-01
7.994269340974211602e-01
7.936962750716332060e-01
8.022922636103151373e-01
7.879656160458452518e-01
7.908309455587392289e-01
7.736389684813753664e-01
7.765042979942693435e-01
8.022922636103151373e-01
7.707736389684813894e-01
7.421203438395415075e-01
8.166189111747851337e-01
7.707736389684813894e-01
7.621776504297994581e-01
8.051575931232091143e-01
8.510028653295128587e-01
7.965616045845271831e-01
7.765042979942693435e-01
7.994269340974211602e-01
7.908309455587392289e-01
7.879656160458452518e-01
7.965616045845271831e-01
7.965616045845271831e-01
8.194842406876791108e-01
8.080229226361032024e-01
7.879656160458452518e-01
8.194842406876791108e-01
