6.515151515151514916e-01
7.272727272727272929e-01
7.272727272727272929e-01
7.651515151515151381e-01
7.045454545454545858e-01
6.893939393939394478e-01
6.590909090909090606e-01
6.439393939393939226e-01
7.272727272727272929e-01
5.984848484848485084e-01
7.196969696969697239e-01
6.969696969696970168e-01
6.969696969696970168e-01
7.878787878787878451e-01
7.348484848484848619e-01
7.348484848484848619e-01
7.272727272727272929e-01
7.121212121212121549e-01
6.060606060606060774e-01
7.651515151515151381e-01
6.818181818181817677e-01
6.515151515151514916e-01
6.893939393939394478e-01
7.272727272727272929e-01
6.893939393939394478e-01
6.590909090909090606e-01
7.348484848484848619e-01
6.893939393939394478e-01
7.348484848484848619e-01
6.515151515151514916e-01
6.969696969696970168e-01
6.893939393939394478e-01
6.893939393939394478e-01
7.196969696969697239e-01
7.121212121212121549e-01
7.272727272727272929e-01
6.590909090909090606e-01
7.575757575757575690e-01
6.666666666666666297e-01
6.742424242424241987e-01
6.818181818181817677e-01
6.742424242424241987e-01
7.500000000000000000e-01
7.045454545454545858e-01
6.893939393939394478e-01
7.196969696969697239e-01
6.969696969696970168e-01
7.272727272727272929e-01
6.515151515151514916e-01
6.893939393939394478e-01
7.045454545454545858e-01
6.818181818181817677e-01
6.893939393939394478e-01
7.500000000000000000e-01
6.666666666666666297e-01
6.742424242424241987e-01
6.515151515151514916e-01
7.424242424242424310e-01
7.121212121212121549e-01
6.515151515151514916e-01
6.893939393939394478e-01
7.500000000000000000e-01
7.196969696969697239e-01
7.272727272727272929e-01
6.969696969696970168e-01
7.045454545454545858e-01
6.515151515151514916e-01
6.439393939393939226e-01
7.196969696969697239e-01
7.348484848484848619e-01
7.272727272727272929e-01
7.424242424242424310e-01
7.575757575757575690e-01
7.348484848484848619e-01
7.045454545454545858e-01
6.742424242424241987e-01
7.045454545454545858e-01
7.651515151515151381e-01
7.424242424242424310e-01
7.196969696969697239e-01
6.666666666666666297e-01
6.893939393939394478e-01
6.818181818181817677e-01
6.893939393939394478e-01
6.060606060606060774e-01
6.742424242424241987e-01
6.666666666666666297e-01
6.666666666666666297e-01
6.363636363636363535e-01
7.272727272727272929e-01
6.515151515151514916e-01
7.272727272727272929e-01
7.121212121212121549e-01
7.272727272727272929e-01
7.348484848484848619e-01
6.666666666666666297e-01
7.348484848484848619e-01
7.500000000000000000e-01
7.424242424242424310e-01
5.757575757575758013e-01
6.893939393939394478e-01
7.348484848484848619e-01
6.515151515151514916e-01
6.439393939393939226e-01
6.666666666666666297e-01
6.590909090909090606e-01
6.287878787878787845e-01
7.424242424242424310e-01
7.045454545454545858e-01
7.727272727272727071e-01
7.045454545454545858e-01
7.272727272727272929e-01
7.196969696969697239e-01
6.893939393939394478e-01
6.060606060606060774e-01
6.515151515151514916e-01
7.196969696969697239e-01
6.969696969696970168e-01
7.121212121212121549e-01
7.196969696969697239e-01
6.893939393939394478e-01
6.893939393939394478e-01
6.818181818181817677e-01
7.651515151515151381e-01
7.121212121212121549e-01
6.515151515151514916e-01
7.878787878787878451e-01
7.045454545454545858e-01
7.424242424242424310e-01
6.969696969696970168e-01
7.424242424242424310e-01
7.121212121212121549e-01
7.272727272727272929e-01
7.878787878787878451e-01
7.348484848484848619e-01
6.818181818181817677e-01
7.651515151515151381e-01
6.287878787878787845e-01
7.045454545454545858e-01
6.590909090909090606e-01
7.348484848484848619e-01
6.515151515151514916e-01
7.121212121212121549e-01
6.515151515151514916e-01
6.515151515151514916e-01
6.439393939393939226e-01
6.742424242424241987e-01
6.818181818181817677e-01
7.045454545454545858e-01
7.045454545454545858e-01
7.500000000000000000e-01
7.045454545454545858e-01
6.818181818181817677e-01
7.272727272727272929e-01
6.969696969696970168e-01
7.954545454545454142e-01
8.181818181818182323e-01
6.439393939393939226e-01
7.121212121212121549e-01
6.742424242424241987e-01
6.666666666666666297e-01
7.575757575757575690e-01
7.045454545454545858e-01
6.439393939393939226e-01
6.363636363636363535e-01
6.818181818181817677e-01
7.196969696969697239e-01
6.439393939393939226e-01
7.196969696969697239e-01
6.742424242424241987e-01
6.363636363636363535e-01
7.272727272727272929e-01
6.893939393939394478e-01
6.666666666666666297e-01
6.969696969696970168e-01
6.969696969696970168e-01
7.803030303030302761e-01
6.969696969696970168e-01
7.348484848484848619e-01
7.500000000000000000e-01
6.818181818181817677e-01
6.136363636363636465e-01
6.666666666666666297e-01
6.666666666666666297e-01
6.590909090909090606e-01
7.045454545454545858e-01
7.045454545454545858e-01
7.045454545454545858e-01
6.666666666666666297e-01
6.893939393939394478e-01
7.196969696969697239e-01
7.500000000000000000e-01
7.196969696969697239e-01
7.500000000000000000e-01
7.272727272727272929e-01
6.969696969696970168e-01
7.727272727272727071e-01
7.045454545454545858e-01
6.666666666666666297e-01
7.727272727272727071e-01
6.818181818181817677e-01
7.121212121212121549e-01
6.363636363636363535e-01
7.424242424242424310e-01
6.666666666666666297e-01
7.121212121212121549e-01
7.196969696969697239e-01
7.348484848484848619e-01
6.287878787878787845e-01
7.045454545454545858e-01
7.196969696969697239e-01
7.651515151515151381e-01
6.363636363636363535e-01
7.424242424242424310e-01
6.590909090909090606e-01
6.590909090909090606e-01
6.969696969696970168e-01
6.893939393939394478e-01
7.348484848484848619e-01
7.348484848484848619e-01
6.742424242424241987e-01
7.045454545454545858e-01
6.893939393939394478e-01
6.742424242424241987e-01
6.439393939393939226e-01
6.818181818181817677e-01
6.439393939393939226e-01
7.121212121212121549e-01
6.969696969696970168e-01
6.742424242424241987e-01
7.424242424242424310e-01
7.348484848484848619e-01
6.893939393939394478e-01
7.196969696969697239e-01
7.424242424242424310e-01
6.742424242424241987e-01
7.424242424242424310e-01
7.424242424242424310e-01
6.666666666666666297e-01
6.439393939393939226e-01
7.272727272727272929e-01
6.818181818181817677e-01
6.893939393939394478e-01
6.666666666666666297e-01
7.121212121212121549e-01
7.196969696969697239e-01
7.348484848484848619e-01
6.060606060606060774e-01
6.666666666666666297e-01
7.803030303030302761e-01
7.045454545454545858e-01
6.969696969696970168e-01
7.424242424242424310e-01
6.893939393939394478e-01
6.969696969696970168e-01
7.196969696969697239e-01
7.045454545454545858e-01
7.121212121212121549e-01
6.969696969696970168e-01
7.045454545454545858e-01
7.121212121212121549e-01
6.590909090909090606e-01
6.439393939393939226e-01
6.969696969696970168e-01
7.348484848484848619e-01
7.575757575757575690e-01
6.969696969696970168e-01
7.348484848484848619e-01
7.121212121212121549e-01
7.727272727272727071e-01
7.196969696969697239e-01
6.363636363636363535e-01
6.590909090909090606e-01
7.272727272727272929e-01
6.590909090909090606e-01
6.893939393939394478e-01
6.590909090909090606e-01
6.969696969696970168e-01
6.363636363636363535e-01
6.893939393939394478e-01
6.515151515151514916e-01
7.803030303030302761e-01
7.196969696969697239e-01
6.439393939393939226e-01
6.287878787878787845e-01
7.196969696969697239e-01
6.818181818181817677e-01
6.590909090909090606e-01
6.136363636363636465e-01
7.272727272727272929e-01
6.363636363636363535e-01
6.742424242424241987e-01
6.969696969696970168e-01
7.045454545454545858e-01
7.272727272727272929e-01
7.121212121212121549e-01
7.272727272727272929e-01
7.424242424242424310e-01
7.121212121212121549e-01
7.045454545454545858e-01
6.969696969696970168e-01
7.196969696969697239e-01
6.893939393939394478e-01
6.363636363636363535e-01
6.969696969696970168e-01
6.742424242424241987e-01
6.590909090909090606e-01
6.893939393939394478e-01
6.818181818181817677e-01
7.272727272727272929e-01
7.500000000000000000e-01
6.590909090909090606e-01
6.136363636363636465e-01
6.893939393939394478e-01
6.818181818181817677e-01
6.742424242424241987e-01
7.272727272727272929e-01
7.348484848484848619e-01
7.196969696969697239e-01
6.742424242424241987e-01
7.272727272727272929e-01
7.954545454545454142e-01
7.272727272727272929e-01
7.121212121212121549e-01
6.969696969696970168e-01
6.666666666666666297e-01
6.590909090909090606e-01
7.196969696969697239e-01
6.893939393939394478e-01
6.742424242424241987e-01
6.666666666666666297e-01
6.666666666666666297e-01
6.742424242424241987e-01
7.803030303030302761e-01
6.666666666666666297e-01
7.121212121212121549e-01
7.121212121212121549e-01
6.287878787878787845e-01
7.272727272727272929e-01
7.045454545454545858e-01
7.500000000000000000e-01
6.363636363636363535e-01
7.045454545454545858e-01
7.196969696969697239e-01
7.575757575757575690e-01
7.424242424242424310e-01
6.969696969696970168e-01
6.893939393939394478e-01
6.515151515151514916e-01
7.651515151515151381e-01
7.348484848484848619e-01
6.969696969696970168e-01
7.045454545454545858e-01
7.348484848484848619e-01
6.590909090909090606e-01
6.969696969696970168e-01
6.363636363636363535e-01
7.651515151515151381e-01
6.969696969696970168e-01
6.742424242424241987e-01
6.893939393939394478e-01
7.121212121212121549e-01
7.121212121212121549e-01
7.121212121212121549e-01
6.893939393939394478e-01
6.590909090909090606e-01
7.272727272727272929e-01
6.363636363636363535e-01
7.500000000000000000e-01
7.575757575757575690e-01
7.500000000000000000e-01
7.424242424242424310e-01
6.969696969696970168e-01
7.424242424242424310e-01
7.651515151515151381e-01
7.500000000000000000e-01
7.045454545454545858e-01
7.651515151515151381e-01
6.742424242424241987e-01
7.045454545454545858e-01
6.666666666666666297e-01
6.439393939393939226e-01
6.287878787878787845e-01
6.893939393939394478e-01
7.424242424242424310e-01
7.045454545454545858e-01
6.818181818181817677e-01
6.742424242424241987e-01
6.969696969696970168e-01
7.121212121212121549e-01
6.969696969696970168e-01
7.272727272727272929e-01
6.590909090909090606e-01
7.121212121212121549e-01
7.272727272727272929e-01
7.348484848484848619e-01
6.666666666666666297e-01
6.818181818181817677e-01
7.045454545454545858e-01
6.742424242424241987e-01
6.818181818181817677e-01
7.803030303030302761e-01
7.121212121212121549e-01
6.818181818181817677e-01
6.742424242424241987e-01
7.727272727272727071e-01
6.969696969696970168e-01
6.439393939393939226e-01
7.954545454545454142e-01
6.666666666666666297e-01
6.363636363636363535e-01
6.742424242424241987e-01
7.424242424242424310e-01
6.969696969696970168e-01
7.121212121212121549e-01
6.060606060606060774e-01
7.348484848484848619e-01
7.803030303030302761e-01
6.969696969696970168e-01
7.121212121212121549e-01
7.045454545454545858e-01
7.121212121212121549e-01
6.212121212121212155e-01
6.893939393939394478e-01
7.272727272727272929e-01
6.969696969696970168e-01
6.363636363636363535e-01
7.575757575757575690e-01
6.742424242424241987e-01
6.893939393939394478e-01
6.590909090909090606e-01
6.287878787878787845e-01
7.348484848484848619e-01
7.803030303030302761e-01
6.742424242424241987e-01
6.666666666666666297e-01
6.818181818181817677e-01
7.121212121212121549e-01
7.348484848484848619e-01
6.136363636363636465e-01
7.803030303030302761e-01
7.348484848484848619e-01
6.818181818181817677e-01
7.045454545454545858e-01
7.803030303030302761e-01
8.030303030303029832e-01
6.590909090909090606e-01
7.121212121212121549e-01
6.742424242424241987e-01
6.969696969696970168e-01
7.121212121212121549e-01
6.742424242424241987e-01
7.196969696969697239e-01
7.045454545454545858e-01
7.272727272727272929e-01
7.121212121212121549e-01
6.666666666666666297e-01
6.439393939393939226e-01
6.742424242424241987e-01
6.666666666666666297e-01
7.348484848484848619e-01
6.893939393939394478e-01
6.969696969696970168e-01
6.818181818181817677e-01
6.590909090909090606e-01
6.818181818181817677e-01
7.045454545454545858e-01
7.045454545454545858e-01
7.196969696969697239e-01
6.742424242424241987e-01
6.969696969696970168e-01
7.196969696969697239e-01
6.363636363636363535e-01
7.803030303030302761e-01
6.969696969696970168e-01
7.878787878787878451e-01
7.803030303030302761e-01
7.045454545454545858e-01
6.893939393939394478e-01
6.666666666666666297e-01
7.272727272727272929e-01
7.348484848484848619e-01
7.196969696969697239e-01
7.272727272727272929e-01
5.833333333333333703e-01
6.969696969696970168e-01
6.666666666666666297e-01
7.196969696969697239e-01
7.424242424242424310e-01
7.348484848484848619e-01
7.272727272727272929e-01
7.272727272727272929e-01
7.272727272727272929e-01
6.666666666666666297e-01
6.893939393939394478e-01
6.969696969696970168e-01
7.878787878787878451e-01
7.272727272727272929e-01
6.893939393939394478e-01
7.651515151515151381e-01
