6.246418338108882251e-01
6.532951289398281070e-01
6.475644699140401528e-01
6.160458452722062939e-01
6.704871060171919694e-01
6.561604584527220840e-01
6.131805157593123168e-01
6.647564469914040153e-01
6.361031518624641334e-01
6.103151862464183397e-01
6.131805157593123168e-01
6.017191977077364085e-01
6.074498567335243626e-01
6.189111747851002709e-01
6.475644699140401528e-01
6.733524355300859465e-01
6.045845272206303855e-01
6.475644699140401528e-01
6.446991404011461757e-01
6.303724928366761793e-01
6.017191977077364085e-01
6.074498567335243626e-01
6.561604584527220840e-01
6.361031518624641334e-01
6.389684813753582215e-01
6.103151862464183397e-01
5.501432664756447100e-01
6.246418338108882251e-01
6.704871060171919694e-01
6.303724928366761793e-01
6.475644699140401528e-01
6.103151862464183397e-01
6.189111747851002709e-01
5.759312320916905037e-01
5.959885386819484543e-01
6.103151862464183397e-01
6.074498567335243626e-01
6.475644699140401528e-01
6.217765042979942480e-01
5.931232091690544772e-01
6.475644699140401528e-01
6.504297994269341299e-01
6.389684813753582215e-01
6.074498567335243626e-01
6.590257879656160611e-01
6.848137535816618549e-01
5.845272206303725460e-01
6.561604584527220840e-01
6.446991404011461757e-01
6.217765042979942480e-01
6.160458452722062939e-01
5.988538681948424314e-01
6.160458452722062939e-01
6.131805157593123168e-01
6.590257879656160611e-01
6.418338108882521986e-01
6.389684813753582215e-01
6.189111747851002709e-01
5.959885386819484543e-01
6.131805157593123168e-01
6.446991404011461757e-01
6.160458452722062939e-01
6.361031518624641334e-01
6.303724928366761793e-01
6.303724928366761793e-01
6.532951289398281070e-01
6.361031518624641334e-01
6.361031518624641334e-01
6.189111747851002709e-01
6.103151862464183397e-01
5.702005730659025495e-01
6.475644699140401528e-01
6.103151862464183397e-01
6.418338108882521986e-01
6.790830945558739007e-01
6.246418338108882251e-01
6.246418338108882251e-01
6.361031518624641334e-01
6.848137535816618549e-01
6.361031518624641334e-01
7.220630372492836679e-01
6.131805157593123168e-01
6.361031518624641334e-01
6.361031518624641334e-01
6.246418338108882251e-01
6.532951289398281070e-01
6.303724928366761793e-01
6.103151862464183397e-01
6.361031518624641334e-01
6.389684813753582215e-01
6.160458452722062939e-01
6.131805157593123168e-01
6.103151862464183397e-01
5.902578796561605001e-01
6.561604584527220840e-01
6.103151862464183397e-01
6.389684813753582215e-01
6.217765042979942480e-01
6.590257879656160611e-01
5.873925501432665230e-01
6.303724928366761793e-01
6.275071633237822022e-01
6.074498567335243626e-01
6.418338108882521986e-01
6.217765042979942480e-01
6.189111747851002709e-01
6.189111747851002709e-01
6.819484240687678778e-01
6.418338108882521986e-01
6.676217765042979924e-01
6.217765042979942480e-01
6.246418338108882251e-01
6.303724928366761793e-01
6.475644699140401528e-01
6.361031518624641334e-01
6.389684813753582215e-01
6.246418338108882251e-01
5.787965616045844808e-01
6.074498567335243626e-01
6.647564469914040153e-01
6.131805157593123168e-01
6.618911174785100382e-01
5.902578796561605001e-01
6.332378223495701564e-01
5.787965616045844808e-01
6.017191977077364085e-01
6.475644699140401528e-01
5.845272206303725460e-01
6.676217765042979924e-01
6.131805157593123168e-01
6.017191977077364085e-01
6.819484240687678778e-01
6.303724928366761793e-01
6.017191977077364085e-01
6.074498567335243626e-01
6.389684813753582215e-01
6.446991404011461757e-01
6.303724928366761793e-01
6.045845272206303855e-01
6.332378223495701564e-01
6.160458452722062939e-01
6.418338108882521986e-01
6.045845272206303855e-01
6.504297994269341299e-01
5.587392550143266412e-01
5.988538681948424314e-01
6.131805157593123168e-01
6.303724928366761793e-01
6.418338108882521986e-01
6.017191977077364085e-01
6.189111747851002709e-01
6.647564469914040153e-01
6.103151862464183397e-01
6.189111747851002709e-01
6.361031518624641334e-01
6.504297994269341299e-01
6.275071633237822022e-01
5.988538681948424314e-01
6.303724928366761793e-01
6.332378223495701564e-01
6.475644699140401528e-01
6.189111747851002709e-01
6.790830945558739007e-01
6.045845272206303855e-01
6.361031518624641334e-01
6.361031518624641334e-01
5.702005730659025495e-01
6.332378223495701564e-01
5.816618911174784579e-01
6.160458452722062939e-01
5.902578796561605001e-01
6.532951289398281070e-01
6.103151862464183397e-01
6.418338108882521986e-01
6.160458452722062939e-01
6.045845272206303855e-01
6.017191977077364085e-01
6.275071633237822022e-01
6.103151862464183397e-01
6.389684813753582215e-01
6.389684813753582215e-01
6.389684813753582215e-01
6.561604584527220840e-01
6.189111747851002709e-01
6.704871060171919694e-01
6.618911174785100382e-01
6.045845272206303855e-01
6.704871060171919694e-01
6.676217765042979924e-01
6.418338108882521986e-01
5.787965616045844808e-01
6.332378223495701564e-01
6.676217765042979924e-01
6.561604584527220840e-01
6.361031518624641334e-01
6.131805157593123168e-01
6.819484240687678778e-01
5.816618911174784579e-01
6.532951289398281070e-01
6.217765042979942480e-01
6.303724928366761793e-01
6.074498567335243626e-01
6.590257879656160611e-01
6.332378223495701564e-01
6.189111747851002709e-01
6.275071633237822022e-01
6.103151862464183397e-01
6.446991404011461757e-01
6.189111747851002709e-01
6.131805157593123168e-01
6.017191977077364085e-01
6.704871060171919694e-01
6.275071633237822022e-01
6.532951289398281070e-01
6.418338108882521986e-01
6.618911174785100382e-01
6.418338108882521986e-01
5.959885386819484543e-01
5.988538681948424314e-01
5.959885386819484543e-01
6.418338108882521986e-01
6.561604584527220840e-01
6.017191977077364085e-01
6.275071633237822022e-01
6.017191977077364085e-01
6.017191977077364085e-01
6.217765042979942480e-01
6.217765042979942480e-01
6.103151862464183397e-01
6.361031518624641334e-01
5.873925501432665230e-01
6.504297994269341299e-01
6.131805157593123168e-01
6.217765042979942480e-01
6.561604584527220840e-01
5.787965616045844808e-01
6.103151862464183397e-01
6.217765042979942480e-01
6.275071633237822022e-01
6.676217765042979924e-01
6.303724928366761793e-01
5.816618911174784579e-01
6.217765042979942480e-01
6.361031518624641334e-01
6.189111747851002709e-01
6.189111747851002709e-01
6.160458452722062939e-01
6.504297994269341299e-01
6.045845272206303855e-01
6.704871060171919694e-01
5.702005730659025495e-01
6.275071633237822022e-01
6.246418338108882251e-01
6.303724928366761793e-01
6.704871060171919694e-01
6.332378223495701564e-01
6.590257879656160611e-01
6.045845272206303855e-01
6.303724928366761793e-01
6.389684813753582215e-01
6.189111747851002709e-01
6.103151862464183397e-01
6.389684813753582215e-01
6.704871060171919694e-01
6.590257879656160611e-01
6.074498567335243626e-01
6.590257879656160611e-01
6.561604584527220840e-01
6.189111747851002709e-01
6.074498567335243626e-01
6.361031518624641334e-01
6.332378223495701564e-01
6.103151862464183397e-01
6.246418338108882251e-01
6.303724928366761793e-01
6.647564469914040153e-01
6.303724928366761793e-01
6.618911174785100382e-01
6.303724928366761793e-01
6.418338108882521986e-01
6.303724928366761793e-01
6.361031518624641334e-01
5.816618911174784579e-01
6.446991404011461757e-01
6.733524355300859465e-01
5.931232091690544772e-01
6.332378223495701564e-01
5.902578796561605001e-01
6.217765042979942480e-01
6.275071633237822022e-01
6.045845272206303855e-01
6.131805157593123168e-01
6.074498567335243626e-01
6.475644699140401528e-01
6.590257879656160611e-01
6.160458452722062939e-01
5.873925501432665230e-01
6.246418338108882251e-01
6.131805157593123168e-01
6.704871060171919694e-01
5.902578796561605001e-01
6.217765042979942480e-01
6.103151862464183397e-01
6.246418338108882251e-01
6.303724928366761793e-01
6.704871060171919694e-01
6.504297994269341299e-01
6.618911174785100382e-01
6.418338108882521986e-01
6.475644699140401528e-01
6.246418338108882251e-01
6.189111747851002709e-01
6.045845272206303855e-01
6.561604584527220840e-01
6.532951289398281070e-01
6.217765042979942480e-01
6.504297994269341299e-01
5.931232091690544772e-01
6.332378223495701564e-01
6.332378223495701564e-01
6.160458452722062939e-01
6.361031518624641334e-01
6.332378223495701564e-01
6.160458452722062939e-01
6.189111747851002709e-01
6.303724928366761793e-01
6.246418338108882251e-01
6.217765042979942480e-01
5.959885386819484543e-01
6.561604584527220840e-01
6.733524355300859465e-01
6.848137535816618549e-01
6.103151862464183397e-01
6.103151862464183397e-01
6.131805157593123168e-01
6.389684813753582215e-01
5.845272206303725460e-01
6.131805157593123168e-01
6.848137535816618549e-01
6.475644699140401528e-01
5.902578796561605001e-01
6.017191977077364085e-01
6.189111747851002709e-01
6.074498567335243626e-01
6.189111747851002709e-01
5.959885386819484543e-01
6.045845272206303855e-01
6.532951289398281070e-01
6.475644699140401528e-01
6.131805157593123168e-01
6.361031518624641334e-01
6.676217765042979924e-01
6.819484240687678778e-01
6.590257879656160611e-01
6.676217765042979924e-01
6.217765042979942480e-01
6.418338108882521986e-01
5.959885386819484543e-01
6.561604584527220840e-01
6.303724928366761793e-01
6.361031518624641334e-01
6.189111747851002709e-01
6.246418338108882251e-01
5.902578796561605001e-01
6.389684813753582215e-01
6.532951289398281070e-01
6.017191977077364085e-01
6.332378223495701564e-01
6.561604584527220840e-01
6.475644699140401528e-01
6.160458452722062939e-01
6.733524355300859465e-01
6.189111747851002709e-01
6.418338108882521986e-01
6.303724928366761793e-01
6.103151862464183397e-01
6.189111747851002709e-01
6.217765042979942480e-01
6.189111747851002709e-01
6.189111747851002709e-01
6.246418338108882251e-01
5.988538681948424314e-01
6.532951289398281070e-01
5.873925501432665230e-01
6.361031518624641334e-01
6.446991404011461757e-01
6.618911174785100382e-01
5.931232091690544772e-01
6.160458452722062939e-01
6.246418338108882251e-01
6.389684813753582215e-01
5.959885386819484543e-01
6.618911174785100382e-01
6.418338108882521986e-01
6.361031518624641334e-01
6.647564469914040153e-01
5.845272206303725460e-01
6.017191977077364085e-01
6.160458452722062939e-01
6.246418338108882251e-01
6.303724928366761793e-01
6.389684813753582215e-01
6.905444126074498090e-01
6.217765042979942480e-01
6.332378223495701564e-01
6.217765042979942480e-01
5.988538681948424314e-01
6.303724928366761793e-01
5.931232091690544772e-01
6.332378223495701564e-01
5.902578796561605001e-01
6.418338108882521986e-01
6.618911174785100382e-01
6.590257879656160611e-01
6.189111747851002709e-01
6.618911174785100382e-01
6.504297994269341299e-01
6.303724928366761793e-01
6.361031518624641334e-01
5.988538681948424314e-01
6.389684813753582215e-01
5.988538681948424314e-01
6.217765042979942480e-01
6.217765042979942480e-01
6.504297994269341299e-01
6.618911174785100382e-01
5.902578796561605001e-01
6.303724928366761793e-01
6.618911174785100382e-01
6.103151862464183397e-01
6.131805157593123168e-01
6.303724928366761793e-01
6.389684813753582215e-01
6.303724928366761793e-01
6.103151862464183397e-01
5.845272206303725460e-01
6.160458452722062939e-01
6.189111747851002709e-01
6.332378223495701564e-01
6.934097421203437861e-01
6.361031518624641334e-01
6.361031518624641334e-01
6.446991404011461757e-01
6.217765042979942480e-01
6.561604584527220840e-01
6.762177650429799236e-01
6.418338108882521986e-01
6.361031518624641334e-01
6.475644699140401528e-01
6.389684813753582215e-01
5.816618911174784579e-01
6.790830945558739007e-01
6.275071633237822022e-01
6.246418338108882251e-01
5.902578796561605001e-01
6.389684813753582215e-01
5.959885386819484543e-01
6.389684813753582215e-01
6.045845272206303855e-01
6.446991404011461757e-01
6.647564469914040153e-01
6.504297994269341299e-01
6.332378223495701564e-01
6.876790830945558319e-01
5.816618911174784579e-01
6.303724928366761793e-01
6.045845272206303855e-01
6.676217765042979924e-01
6.217765042979942480e-01
6.131805157593123168e-01
6.704871060171919694e-01
6.275071633237822022e-01
6.332378223495701564e-01
6.532951289398281070e-01
6.704871060171919694e-01
6.275071633237822022e-01
6.160458452722062939e-01
6.361031518624641334e-01
6.361031518624641334e-01
6.045845272206303855e-01
5.873925501432665230e-01
6.475644699140401528e-01
6.045845272206303855e-01
6.475644699140401528e-01
6.131805157593123168e-01
5.988538681948424314e-01
6.446991404011461757e-01
6.790830945558739007e-01
6.303724928366761793e-01
6.045845272206303855e-01
7.106017191977077596e-01
6.189111747851002709e-01
6.618911174785100382e-01
6.217765042979942480e-01
6.189111747851002709e-01
6.361031518624641334e-01
6.733524355300859465e-01
6.361031518624641334e-01
6.045845272206303855e-01
6.389684813753582215e-01
